95
190 287
71 150
122 239
279 344
203 339
98 147
258 263
150 298
77 88
128 146
110 391
37 159
137 372
280 339
332 340
20 393
87 211
57 60
142 348
116 396
285 365
126 321
2 21
181 217
176 265
44 396
86 184
195 348
202 331
82 144
193 248
254 334
116 256
312 357
4 162
271 386
86 246
23 352
46 305
133 315
277 296
204 389
130 337
114 157
111 204
82 328
65 274
260 365
86 319
148 349
70 394
324 338
238 249
54 225
201 375
104 275
101 278
86 324
218 379
175 277
366 398
96 259
92 161
3 139
133 298
271 384
199 349
115 157
147 341
30 346
323 337
76 359
128 130
39 316
68 72
21 312
76 381
176 297
59 293
257 306
183 343
71 177
286 324
44 183
55 260
6 368
3 294
147 222
211 214
83 400
42 100
103 390
28 297
134 250
19 37
