379
47 135
31 135
90 130
48 55
1 41
53 161
53 162
8 66
81 148
46 132
116 123
95 131
1 176
17 124
87 140
135 151
117 184
110 127
154 197
26 120
80 192
14 179
44 107
137 145
58 131
21 24
48 101
94 149
20 115
57 65
26 195
99 149
23 130
93 151
98 142
64 199
119 131
37 140
8 63
83 168
107 142
50 107
94 98
2 22
28 102
1 37
124 150
8 94
101 149
99 173
52 141
96 141
133 167
94 112
54 79
54 95
126 164
61 66
26 134
100 150
16 172
118 139
59 164
5 86
138 190
3 51
52 114
51 163
122 193
92 165
24 100
122 163
1 181
43 101
26 104
1 82
31 98
128 154
36 182
53 95
56 107
32 70
69 142
84 199
7 194
119 136
64 161
47 52
23 83
62 156
3 30
18 52
131 176
106 198
55 90
60 169
11 106
33 40
147 196
47 111
125 198
84 198
6 181
77 133
99 164
109 122
7 35
80 177
52 191
12 158
71 169
78 166
82 83
75 86
97 165
25 133
116 197
41 43
8 67
58 124
44 109
28 146
56 94
40 154
34 147
18 173
110 171
4 67
159 197
4 48
75 129
20 177
133 157
30 132
93 165
33 45
128 165
77 169
9 142
19 85
25 196
28 52
59 108
41 124
88 135
117 146
34 98
121 166
94 150
25 56
8 195
81 86
127 194
65 75
84 94
73 174
60 146
123 177
36 112
33 174
64 90
42 92
106 192
7 24
21 38
45 154
138 150
20 192
91 134
66 182
114 133
80 105
119 156
107 187
140 189
81 112
43 194
5 93
51 166
156 174
29 148
64 130
47 62
9 37
73 199
109 189
93 161
17 35
4 83
39 136
81 130
3 161
47 180
47 170
57 104
115 197
10 17
49 171
72 85
17 33
107 178
55 148
42 60
90 127
58 132
152 194
116 200
37 49
37 125
41 60
32 34
97 188
20 132
68 162
106 177
61 168
27 132
82 135
12 189
128 158
44 79
60 117
104 113
83 124
140 171
6 125
155 198
62 90
162 164
24 108
21 158
184 199
83 86
127 199
15 147
126 154
89 193
53 195
35 107
38 93
91 135
13 164
7 14
12 42
25 78
33 45
98 147
76 163
70 149
41 100
69 150
40 143
53 54
78 158
191 200
111 148
16 61
48 53
40 71
88 124
10 38
103 133
125 150
67 138
13 107
89 132
50 177
48 200
9 109
174 184
7 146
114 181
12 102
15 72
90 130
69 115
95 123
85 132
158 193
2 169
10 16
43 80
21 131
52 138
21 99
21 45
110 138
78 175
19 128
1 170
137 196
98 193
27 41
65 69
11 166
25 26
24 106
4 198
79 91
113 160
159 178
162 172
106 147
25 95
4 86
10 52
47 189
121 127
70 92
163 189
28 108
35 87
52 112
3 55
112 157
13 39
3 55
132 172
22 182
5 189
13 192
79 97
24 37
180 192
15 164
47 52
8 129
23 41
155 157
65 140
35 190
35 185
138 183
28 190
16 26
33 90
92 160
77 147
26 154
5 34
77 177
87 138
15 53
66 136
67 102
47 139
82 105
62 163
42 128
61 197
167 180
15 35
18 28
117 198
44 107
65 72
87 113
89 178
31 34
53 112
2 92
45 194
17 106
155 181
6 137
51 79
162 167
47 127
8 166
80 144
165 189
48 160
168 192
89 99
61 172
86 166
44 98
65 99
80 177
